Linux 6.8.0-87-generic (shreyash-ASUS-TUF-Gaming-F15-FX506HM-FX506HM) 	11/24/2025 	_x86_64_	(16 CPU)

07:24:12 AM  CPU    %usr   %nice    %sys %iowait    %irq   %soft  %steal  %guest  %gnice   %idle
07:24:13 AM  all    3.82    0.00    2.36    3.44    0.00    0.51    0.00    0.00    0.00   89.87
07:24:13 AM    0    3.09    0.00    3.09    0.00    0.00    0.00    0.00    0.00    0.00   93.81
07:24:13 AM    1    2.06    0.00    1.03    0.00    0.00    1.03    0.00    0.00    0.00   95.88
07:24:13 AM    2   21.65    0.00   11.34   55.67    0.00    2.06    0.00    0.00    0.00    9.28
07:24:13 AM    3    2.02    0.00    2.02    0.00    0.00    0.00    0.00    0.00    0.00   95.96
07:24:13 AM    4    2.02    0.00    2.02    0.00    0.00    0.00    0.00    0.00    0.00   95.96
07:24:13 AM    5    3.03    0.00    2.02    0.00    0.00    0.00    0.00    0.00    0.00   94.95
07:24:13 AM    6    1.03    0.00    1.03    0.00    0.00    0.00    0.00    0.00    0.00   97.94
07:24:13 AM    7    2.02    0.00    2.02    0.00    0.00    0.00    0.00    0.00    0.00   95.96
07:24:13 AM    8    3.06    0.00    3.06    0.00    0.00    0.00    0.00    0.00    0.00   93.88
07:24:13 AM    9    2.04    0.00    1.02    0.00    0.00    0.00    0.00    0.00    0.00   96.94
07:24:13 AM   10    7.14    0.00    1.02    0.00    0.00    1.02    0.00    0.00    0.00   90.82
07:24:13 AM   11    4.04    0.00    2.02    0.00    0.00    1.01    0.00    0.00    0.00   92.93
07:24:13 AM   12    2.06    0.00    2.06    0.00    0.00    0.00    0.00    0.00    0.00   95.88
07:24:13 AM   13    1.03    0.00    1.03    0.00    0.00    1.03    0.00    0.00    0.00   96.91
07:24:13 AM   14    3.00    0.00    2.00    0.00    0.00    1.00    0.00    0.00    0.00   94.00
07:24:13 AM   15    2.04    0.00    1.02    0.00    0.00    1.02    0.00    0.00    0.00   95.92

07:24:13 AM  CPU    %usr   %nice    %sys %iowait    %irq   %soft  %steal  %guest  %gnice   %idle
07:24:14 AM  all    3.54    0.00    2.40    4.04    0.00    0.63    0.00    0.00    0.00   89.39
07:24:14 AM    0    2.00    0.00    2.00    0.00    0.00    2.00    0.00    0.00    0.00   94.00
07:24:14 AM    1    2.02    0.00    2.02    0.00    0.00    0.00    0.00    0.00    0.00   95.96
07:24:14 AM    2   21.65    0.00   10.31   65.98    0.00    2.06    0.00    0.00    0.00    0.00
07:24:14 AM    3    2.02    0.00    1.01    0.00    0.00    1.01    0.00    0.00    0.00   95.96
07:24:14 AM    4    2.02    0.00    2.02    0.00    0.00    1.01    0.00    0.00    0.00   94.95
07:24:14 AM    5    2.00    0.00    2.00    0.00    0.00    1.00    0.00    0.00    0.00   95.00
07:24:14 AM    6    2.97    0.00    1.98    0.00    0.00    0.99    0.00    0.00    0.00   94.06
07:24:14 AM    7    1.03    0.00    1.03    0.00    0.00    0.00    0.00    0.00    0.00   97.94
07:24:14 AM    8    3.06    0.00    1.02    0.00    0.00    1.02    0.00    0.00    0.00   94.90
07:24:14 AM    9    2.02    0.00    2.02    0.00    0.00    1.01    0.00    0.00    0.00   94.95
07:24:14 AM   10    2.97    0.00    3.96    0.00    0.00    0.00    0.00    0.00    0.00   93.07
07:24:14 AM   11    3.06    0.00    2.04    0.00    0.00    0.00    0.00    0.00    0.00   94.90
07:24:14 AM   12    3.00    0.00    2.00    0.00    0.00    0.00    0.00    0.00    0.00   95.00
07:24:14 AM   13    3.00    0.00    2.00    0.00    0.00    0.00    0.00    0.00    0.00   95.00
07:24:14 AM   14    2.06    0.00    1.03    0.00    0.00    0.00    0.00    0.00    0.00   96.91
07:24:14 AM   15    2.02    0.00    2.02    0.00    0.00    0.00    0.00    0.00    0.00   95.96

07:24:14 AM  CPU    %usr   %nice    %sys %iowait    %irq   %soft  %steal  %guest  %gnice   %idle
07:24:15 AM  all    3.47    0.00    2.27    4.48    0.00    0.50    0.00    0.00    0.00   89.27
07:24:15 AM    0    3.03    0.00    3.03    6.06    0.00    1.01    0.00    0.00    0.00   86.87
07:24:15 AM    1    2.00    0.00    2.00    0.00    0.00    1.00    0.00    0.00    0.00   95.00
07:24:15 AM    2   20.41    0.00   11.22   66.33    0.00    2.04    0.00    0.00    0.00    0.00
07:24:15 AM    3    2.00    0.00    2.00    0.00    0.00    1.00    0.00    0.00    0.00   95.00
07:24:15 AM    4    2.02    0.00    1.01    0.00    0.00    0.00    0.00    0.00    0.00   96.97
07:24:15 AM    5    1.03    0.00    1.03    0.00    0.00    0.00    0.00    0.00    0.00   97.94
07:24:15 AM    6    2.02    0.00    1.01    0.00    0.00    0.00    0.00    0.00    0.00   96.97
07:24:15 AM    7    2.97    0.00    0.99    0.00    0.00    0.99    0.00    0.00    0.00   95.05
07:24:15 AM    8    3.03    0.00    2.02    0.00    0.00    0.00    0.00    0.00    0.00   94.95
07:24:15 AM    9    2.04    0.00    2.04    0.00    0.00    0.00    0.00    0.00    0.00   95.92
07:24:15 AM   10    2.04    0.00    1.02    0.00    0.00    0.00    0.00    0.00    0.00   96.94
07:24:15 AM   11    3.03    0.00    2.02    0.00    0.00    1.01    0.00    0.00    0.00   93.94
07:24:15 AM   12    2.02    0.00    1.01    0.00    0.00    1.01    0.00    0.00    0.00   95.96
07:24:15 AM   13    2.02    0.00    2.02    0.00    0.00    0.00    0.00    0.00    0.00   95.96
07:24:15 AM   14    3.00    0.00    2.00    0.00    0.00    0.00    0.00    0.00    0.00   95.00
07:24:15 AM   15    3.00    0.00    2.00    0.00    0.00    0.00    0.00    0.00    0.00   95.00

07:24:15 AM  CPU    %usr   %nice    %sys %iowait    %irq   %soft  %steal  %guest  %gnice   %idle
07:24:16 AM  all    3.77    0.00    2.58    4.03    0.00    0.63    0.00    0.00    0.00   88.99
07:24:16 AM    0    2.02    0.00    2.02    0.00    0.00    1.01    0.00    0.00    0.00   94.95
07:24:16 AM    1    2.02    0.00    2.02    0.00    0.00    0.00    0.00    0.00    0.00   95.96
07:24:16 AM    2   20.41    0.00   11.22   65.31    0.00    3.06    0.00    0.00    0.00    0.00
07:24:16 AM    3    2.02    0.00    2.02    0.00    0.00    0.00    0.00    0.00    0.00   95.96
07:24:16 AM    4    3.00    0.00    2.00    0.00    0.00    0.00    0.00    0.00    0.00   95.00
07:24:16 AM    5    2.97    0.00    1.98    0.00    0.00    0.99    0.00    0.00    0.00   94.06
07:24:16 AM    6    4.00    0.00    1.00    0.00    0.00    0.00    0.00    0.00    0.00   95.00
07:24:16 AM    7    2.00    0.00    3.00    0.00    0.00    0.00    0.00    0.00    0.00   95.00
07:24:16 AM    8    3.92    0.00    2.94    0.00    0.00    0.98    0.00    0.00    0.00   92.16
07:24:16 AM    9    4.04    0.00    1.01    0.00    0.00    0.00    0.00    0.00    0.00   94.95
07:24:16 AM   10    1.01    0.00    4.04    0.00    0.00    1.01    0.00    0.00    0.00   93.94
07:24:16 AM   11    3.09    0.00    1.03    0.00    0.00    0.00    0.00    0.00    0.00   95.88
07:24:16 AM   12    3.03    0.00    2.02    0.00    0.00    0.00    0.00    0.00    0.00   94.95
07:24:16 AM   13    2.00    0.00    2.00    0.00    0.00    1.00    0.00    0.00    0.00   95.00
07:24:16 AM   14    2.02    0.00    2.02    0.00    0.00    1.01    0.00    0.00    0.00   94.95
07:24:16 AM   15    3.03    0.00    1.01    0.00    0.00    1.01    0.00    0.00    0.00   94.95

07:24:16 AM  CPU    %usr   %nice    %sys %iowait    %irq   %soft  %steal  %guest  %gnice   %idle
07:24:17 AM  all    3.70    0.00    2.63    4.02    0.00    0.82    0.00    0.00    0.00   88.83
07:24:17 AM    0    3.00    0.00    2.00    0.00    0.00    1.00    0.00    0.00    0.00   94.00
07:24:17 AM    1    2.00    0.00    3.00    0.00    0.00    1.00    0.00    0.00    0.00   94.00
07:24:17 AM    2   22.45    0.00   10.20   65.31    0.00    2.04    0.00    0.00    0.00    0.00
07:24:17 AM    3    2.02    0.00    2.02    0.00    0.00    0.00    0.00    0.00    0.00   95.96
07:24:17 AM    4    2.00    0.00    2.00    0.00    0.00    1.00    0.00    0.00    0.00   95.00
07:24:17 AM    5    2.00    0.00    3.00    0.00    0.00    0.00    0.00    0.00    0.00   95.00
07:24:17 AM    6    2.00    0.00    2.00    0.00    0.00    1.00    0.00    0.00    0.00   95.00
07:24:17 AM    7    2.02    0.00    2.02    0.00    0.00    1.01    0.00    0.00    0.00   94.95
07:24:17 AM    8    3.06    0.00    2.04    0.00    0.00    0.00    0.00    0.00    0.00   94.90
07:24:17 AM    9    2.02    0.00    2.02    0.00    0.00    1.01    0.00    0.00    0.00   94.95
07:24:17 AM   10    3.00    0.00    3.00    0.00    0.00    0.00    0.00    0.00    0.00   94.00
07:24:17 AM   11    3.00    0.00    2.00    0.00    0.00    1.00    0.00    0.00    0.00   94.00
07:24:17 AM   12    2.97    0.00    1.98    0.00    0.00    0.99    0.00    0.00    0.00   94.06
07:24:17 AM   13    3.03    0.00    1.01    0.00    0.00    1.01    0.00    0.00    0.00   94.95
07:24:17 AM   14    2.00    0.00    3.00    0.00    0.00    0.00    0.00    0.00    0.00   95.00
07:24:17 AM   15    2.97    0.00    0.99    0.00    0.00    1.98    0.00    0.00    0.00   94.06

07:24:17 AM  CPU    %usr   %nice    %sys %iowait    %irq   %soft  %steal  %guest  %gnice   %idle
07:24:18 AM  all    3.60    0.00    2.27    4.11    0.00    0.25    0.00    0.00    0.00   89.77
07:24:18 AM    0    2.04    0.00    2.04    0.00    0.00    0.00    0.00    0.00    0.00   95.92
07:24:18 AM    1    2.97    0.00    1.98    0.00    0.00    0.99    0.00    0.00    0.00   94.06
07:24:18 AM    2   19.59    0.00   11.34   67.01    0.00    2.06    0.00    0.00    0.00    0.00
07:24:18 AM    3    2.02    0.00    2.02    0.00    0.00    0.00    0.00    0.00    0.00   95.96
07:24:18 AM    4    3.00    0.00    2.00    0.00    0.00    0.00    0.00    0.00    0.00   95.00
07:24:18 AM    5    2.02    0.00    1.01    0.00    0.00    0.00    0.00    0.00    0.00   96.97
07:24:18 AM    6    2.02    0.00    2.02    0.00    0.00    0.00    0.00    0.00    0.00   95.96
07:24:18 AM    7    3.03    0.00    0.00    0.00    0.00    0.00    0.00    0.00    0.00   96.97
07:24:18 AM    8    3.00    0.00    3.00    0.00    0.00    0.00    0.00    0.00    0.00   94.00
07:24:18 AM    9    3.00    0.00    2.00    0.00    0.00    0.00    0.00    0.00    0.00   95.00
07:24:18 AM   10    2.02    0.00    2.02    0.00    0.00    0.00    0.00    0.00    0.00   95.96
07:24:18 AM   11    2.06    0.00    1.03    0.00    0.00    0.00    0.00    0.00    0.00   96.91
07:24:18 AM   12    3.06    0.00    1.02    0.00    0.00    0.00    0.00    0.00    0.00   95.92
07:24:18 AM   13    2.02    0.00    2.02    0.00    0.00    0.00    0.00    0.00    0.00   95.96
07:24:18 AM   14    4.04    0.00    0.00    0.00    0.00    1.01    0.00    0.00    0.00   94.95
07:24:18 AM   15    2.02    0.00    3.03    0.00    0.00    0.00    0.00    0.00    0.00   94.95

07:24:18 AM  CPU    %usr   %nice    %sys %iowait    %irq   %soft  %steal  %guest  %gnice   %idle
07:24:19 AM  all    3.28    0.00    2.15    4.10    0.00    0.69    0.00    0.00    0.00   89.77
07:24:19 AM    0    2.00    0.00    2.00    0.00    0.00    2.00    0.00    0.00    0.00   94.00
07:24:19 AM    1    1.03    0.00    1.03    0.00    0.00    0.00    0.00    0.00    0.00   97.94
07:24:19 AM    2   21.43    0.00   11.22   66.33    0.00    1.02    0.00    0.00    0.00    0.00
07:24:19 AM    3    1.98    0.00    1.98    0.00    0.00    0.99    0.00    0.00    0.00   95.05
07:24:19 AM    4    3.03    0.00    1.01    0.00    0.00    0.00    0.00    0.00    0.00   95.96
07:24:19 AM    5    2.02    0.00    1.01    0.00    0.00    1.01    0.00    0.00    0.00   95.96
07:24:19 AM    6    2.00    0.00    1.00    0.00    0.00    1.00    0.00    0.00    0.00   96.00
07:24:19 AM    7    1.02    0.00    1.02    0.00    0.00    1.02    0.00    0.00    0.00   96.94
07:24:19 AM    8    2.02    0.00    2.02    0.00    0.00    1.01    0.00    0.00    0.00   94.95
07:24:19 AM    9    2.04    0.00    1.02    0.00    0.00    1.02    0.00    0.00    0.00   95.92
07:24:19 AM   10    2.02    0.00    2.02    0.00    0.00    1.01    0.00    0.00    0.00   94.95
07:24:19 AM   11    3.00    0.00    2.00    0.00    0.00    1.00    0.00    0.00    0.00   94.00
07:24:19 AM   12    2.02    0.00    2.02    0.00    0.00    0.00    0.00    0.00    0.00   95.96
07:24:19 AM   13    3.03    0.00    1.01    0.00    0.00    0.00    0.00    0.00    0.00   95.96
07:24:19 AM   14    2.02    0.00    2.02    0.00    0.00    0.00    0.00    0.00    0.00   95.96
07:24:19 AM   15    2.02    0.00    2.02    0.00    0.00    0.00    0.00    0.00    0.00   95.96

07:24:19 AM  CPU    %usr   %nice    %sys %iowait    %irq   %soft  %steal  %guest  %gnice   %idle
07:24:20 AM  all    3.79    0.00    2.15    4.11    0.00    0.57    0.00    0.00    0.00   89.39
07:24:20 AM    0    3.03    0.00    2.02    0.00    0.00    1.01    0.00    0.00    0.00   93.94
07:24:20 AM    1    2.02    0.00    1.01    0.00    0.00    1.01    0.00    0.00    0.00   95.96
07:24:20 AM    2   21.21    0.00   10.10   65.66    0.00    3.03    0.00    0.00    0.00    0.00
07:24:20 AM    3    3.03    0.00    1.01    0.00    0.00    0.00    0.00    0.00    0.00   95.96
07:24:20 AM    4    2.00    0.00    3.00    0.00    0.00    1.00    0.00    0.00    0.00   94.00
07:24:20 AM    5    3.00    0.00    2.00    0.00    0.00    0.00    0.00    0.00    0.00   95.00
07:24:20 AM    6    3.03    0.00    1.01    0.00    0.00    0.00    0.00    0.00    0.00   95.96
07:24:20 AM    7    2.02    0.00    1.01    0.00    0.00    0.00    0.00    0.00    0.00   96.97
07:24:20 AM    8    3.06    0.00    2.04    0.00    0.00    0.00    0.00    0.00    0.00   94.90
07:24:20 AM    9    2.02    0.00    2.02    0.00    0.00    0.00    0.00    0.00    0.00   95.96
07:24:20 AM   10    3.03    0.00    1.01    0.00    0.00    0.00    0.00    0.00    0.00   95.96
07:24:20 AM   11    2.06    0.00    2.06    0.00    0.00    0.00    0.00    0.00    0.00   95.88
07:24:20 AM   12    3.03    0.00    1.01    0.00    0.00    1.01    0.00    0.00    0.00   94.95
07:24:20 AM   13    2.02    0.00    2.02    0.00    0.00    1.01    0.00    0.00    0.00   94.95
07:24:20 AM   14    3.06    0.00    1.02    0.00    0.00    0.00    0.00    0.00    0.00   95.92
07:24:20 AM   15    3.00    0.00    2.00    0.00    0.00    1.00    0.00    0.00    0.00   94.00

07:24:20 AM  CPU    %usr   %nice    %sys %iowait    %irq   %soft  %steal  %guest  %gnice   %idle
07:24:21 AM  all    3.71    0.00    2.33    4.03    0.00    0.57    0.00    0.00    0.00   89.37
07:24:21 AM    0    2.04    0.00    2.04    0.00    0.00    0.00    0.00    0.00    0.00   95.92
07:24:21 AM    1    2.00    0.00    2.00    0.00    0.00    1.00    0.00    0.00    0.00   95.00
07:24:21 AM    2   22.22    0.00   11.11   64.65    0.00    2.02    0.00    0.00    0.00    0.00
07:24:21 AM    3    2.00    0.00    2.00    0.00    0.00    1.00    0.00    0.00    0.00   95.00
07:24:21 AM    4    2.02    0.00    1.01    0.00    0.00    0.00    0.00    0.00    0.00   96.97
07:24:21 AM    5    2.02    0.00    2.02    0.00    0.00    0.00    0.00    0.00    0.00   95.96
07:24:21 AM    6    1.02    0.00    2.04    0.00    0.00    0.00    0.00    0.00    0.00   96.94
07:24:21 AM    7    3.00    0.00    2.00    0.00    0.00    0.00    0.00    0.00    0.00   95.00
07:24:21 AM    8    4.90    0.00    1.96    0.00    0.00    0.98    0.00    0.00    0.00   92.16
07:24:21 AM    9    2.06    0.00    1.03    0.00    0.00    0.00    0.00    0.00    0.00   96.91
07:24:21 AM   10    2.97    0.00    1.98    0.00    0.00    0.00    0.00    0.00    0.00   95.05
07:24:21 AM   11    3.03    0.00    1.01    0.00    0.00    1.01    0.00    0.00    0.00   94.95
07:24:21 AM   12    2.04    0.00    1.02    0.00    0.00    0.00    0.00    0.00    0.00   96.94
07:24:21 AM   13    3.00    0.00    2.00    0.00    0.00    1.00    0.00    0.00    0.00   94.00
07:24:21 AM   14    2.00    0.00    2.00    0.00    0.00    1.00    0.00    0.00    0.00   95.00
07:24:21 AM   15    3.00    0.00    2.00    0.00    0.00    1.00    0.00    0.00    0.00   94.00

07:24:21 AM  CPU    %usr   %nice    %sys %iowait    %irq   %soft  %steal  %guest  %gnice   %idle
07:24:22 AM  all    3.49    0.00    2.29    4.00    0.00    0.57    0.00    0.00    0.00   89.65
07:24:22 AM    0    2.04    0.00    1.02    0.00    0.00    1.02    0.00    0.00    0.00   95.92
07:24:22 AM    1    2.04    0.00    1.02    0.00    0.00    0.00    0.00    0.00    0.00   96.94
07:24:22 AM    2   23.23    0.00   10.10   63.64    0.00    3.03    0.00    0.00    0.00    0.00
07:24:22 AM    3    2.06    0.00    1.03    0.00    0.00    0.00    0.00    0.00    0.00   96.91
07:24:22 AM    4    2.02    0.00    2.02    0.00    0.00    0.00    0.00    0.00    0.00   95.96
07:24:22 AM    5    2.02    0.00    1.01    0.00    0.00    1.01    0.00    0.00    0.00   95.96
07:24:22 AM    6    2.02    0.00    1.01    0.00    0.00    1.01    0.00    0.00    0.00   95.96
07:24:22 AM    7    0.00    0.00    2.06    0.00    0.00    0.00    0.00    0.00    0.00   97.94
07:24:22 AM    8    3.09    0.00    2.06    0.00    0.00    0.00    0.00    0.00    0.00   94.85
07:24:22 AM    9    2.02    0.00    2.02    0.00    0.00    1.01    0.00    0.00    0.00   94.95
07:24:22 AM   10    3.00    0.00    2.00    0.00    0.00    1.00    0.00    0.00    0.00   94.00
07:24:22 AM   11    3.06    0.00    2.04    0.00    0.00    0.00    0.00    0.00    0.00   94.90
07:24:22 AM   12    3.00    0.00    2.00    0.00    0.00    1.00    0.00    0.00    0.00   94.00
07:24:22 AM   13    3.06    0.00    1.02    0.00    0.00    0.00    0.00    0.00    0.00   95.92
07:24:22 AM   14    1.02    0.00    3.06    0.00    0.00    0.00    0.00    0.00    0.00   95.92
07:24:22 AM   15    2.02    0.00    3.03    0.00    0.00    0.00    0.00    0.00    0.00   94.95

07:24:22 AM  CPU    %usr   %nice    %sys %iowait    %irq   %soft  %steal  %guest  %gnice   %idle
07:24:23 AM  all    3.52    0.00    2.52    4.15    0.00    0.44    0.00    0.00    0.00   89.37
07:24:23 AM    0    2.00    0.00    2.00    0.00    0.00    1.00    0.00    0.00    0.00   95.00
07:24:23 AM    1    2.02    0.00    2.02    0.00    0.00    0.00    0.00    0.00    0.00   95.96
07:24:23 AM    2   22.00    0.00   11.00   66.00    0.00    1.00    0.00    0.00    0.00    0.00
07:24:23 AM    3    2.02    0.00    2.02    0.00    0.00    0.00    0.00    0.00    0.00   95.96
07:24:23 AM    4    2.04    0.00    1.02    0.00    0.00    0.00    0.00    0.00    0.00   96.94
07:24:23 AM    5    2.02    0.00    2.02    0.00    0.00    0.00    0.00    0.00    0.00   95.96
07:24:23 AM    6    2.02    0.00    1.01    0.00    0.00    0.00    0.00    0.00    0.00   96.97
07:24:23 AM    7    2.00    0.00    1.00    0.00    0.00    1.00    0.00    0.00    0.00   96.00
07:24:23 AM    8    2.94    0.00    4.90    0.00    0.00    0.98    0.00    0.00    0.00   91.18
07:24:23 AM    9    2.02    0.00    2.02    0.00    0.00    0.00    0.00    0.00    0.00   95.96
07:24:23 AM   10    2.04    0.00    2.04    0.00    0.00    0.00    0.00    0.00    0.00   95.92
07:24:23 AM   11    2.06    0.00    1.03    0.00    0.00    1.03    0.00    0.00    0.00   95.88
07:24:23 AM   12    3.03    0.00    2.02    0.00    0.00    0.00    0.00    0.00    0.00   94.95
07:24:23 AM   13    2.00    0.00    2.00    0.00    0.00    1.00    0.00    0.00    0.00   95.00
07:24:23 AM   14    2.97    0.00    1.98    0.00    0.00    0.99    0.00    0.00    0.00   94.06
07:24:23 AM   15    3.00    0.00    2.00    0.00    0.00    0.00    0.00    0.00    0.00   95.00

07:24:23 AM  CPU    %usr   %nice    %sys %iowait    %irq   %soft  %steal  %guest  %gnice   %idle
07:24:24 AM  all    3.09    0.00    2.21    4.29    0.00    0.76    0.00    0.00    0.00   89.66
07:24:24 AM    0    2.02    0.00    2.02    0.00    0.00    1.01    0.00    0.00    0.00   94.95
07:24:24 AM    1    2.00    0.00    2.00    0.00    0.00    1.00    0.00    0.00    0.00   95.00
07:24:24 AM    2   20.00    0.00   11.00   66.00    0.00    3.00    0.00    0.00    0.00    0.00
07:24:24 AM    3    2.02    0.00    1.01    0.00    0.00    1.01    0.00    0.00    0.00   95.96
07:24:24 AM    4    2.00    0.00    2.00    0.00    0.00    1.00    0.00    0.00    0.00   95.00
07:24:24 AM    5    2.00    0.00    1.00    2.00    0.00    1.00    0.00    0.00    0.00   94.00
07:24:24 AM    6    1.01    0.00    2.02    0.00    0.00    1.01    0.00    0.00    0.00   95.96
07:24:24 AM    7    1.01    0.00    2.02    0.00    0.00    0.00    0.00    0.00    0.00   96.97
07:24:24 AM    8    3.03    0.00    2.02    0.00    0.00    0.00    0.00    0.00    0.00   94.95
07:24:24 AM    9    2.04    0.00    1.02    0.00    0.00    0.00    0.00    0.00    0.00   96.94
07:24:24 AM   10    2.00    0.00    2.00    0.00    0.00    0.00    0.00    0.00    0.00   96.00
07:24:24 AM   11    2.04    0.00    2.04    0.00    0.00    0.00    0.00    0.00    0.00   95.92
07:24:24 AM   12    2.02    0.00    1.01    0.00    0.00    1.01    0.00    0.00    0.00   95.96
07:24:24 AM   13    2.02    0.00    1.01    0.00    0.00    1.01    0.00    0.00    0.00   95.96
07:24:24 AM   14    2.04    0.00    2.04    0.00    0.00    0.00    0.00    0.00    0.00   95.92
07:24:24 AM   15    2.02    0.00    1.01    0.00    0.00    1.01    0.00    0.00    0.00   95.96

07:24:24 AM  CPU    %usr   %nice    %sys %iowait    %irq   %soft  %steal  %guest  %gnice   %idle
07:24:25 AM  all    2.84    0.00    2.34    6.19    0.00    0.44    0.00    0.00    0.00   88.19
07:24:25 AM    0    2.02    0.00    1.01    2.02    0.00    1.01    0.00    0.00    0.00   93.94
07:24:25 AM    1    2.02    0.00    1.01    2.02    0.00    0.00    0.00    0.00    0.00   94.95
07:24:25 AM    2   17.17    0.00   15.15   66.67    0.00    1.01    0.00    0.00    0.00    0.00
07:24:25 AM    3    2.00    0.00    1.00    5.00    0.00    1.00    0.00    0.00    0.00   91.00
07:24:25 AM    4    1.02    0.00    1.02    5.10    0.00    0.00    0.00    0.00    0.00   92.86
07:24:25 AM    5    1.02    0.00    1.02    2.04    0.00    0.00    0.00    0.00    0.00   95.92
07:24:25 AM    6    2.02    0.00    1.01    1.01    0.00    0.00    0.00    0.00    0.00   95.96
07:24:25 AM    7    2.00    0.00    1.00    6.00    0.00    0.00    0.00    0.00    0.00   91.00
07:24:25 AM    8    2.02    0.00    2.02    0.00    0.00    1.01    0.00    0.00    0.00   94.95
07:24:25 AM    9    2.00    0.00    1.00    0.00    0.00    1.00    0.00    0.00    0.00   96.00
07:24:25 AM   10    2.02    0.00    2.02    0.00    0.00    1.01    0.00    0.00    0.00   94.95
07:24:25 AM   11    2.08    0.00    2.08    2.08    0.00    1.04    0.00    0.00    0.00   92.71
07:24:25 AM   12    1.01    0.00    3.03    5.05    0.00    0.00    0.00    0.00    0.00   90.91
07:24:25 AM   13    2.00    0.00    2.00    0.00    0.00    0.00    0.00    0.00    0.00   96.00
07:24:25 AM   14    2.02    0.00    1.01    2.02    0.00    0.00    0.00    0.00    0.00   94.95
07:24:25 AM   15    3.00    0.00    2.00    0.00    0.00    0.00    0.00    0.00    0.00   95.00

07:24:25 AM  CPU    %usr   %nice    %sys %iowait    %irq   %soft  %steal  %guest  %gnice   %idle
07:24:26 AM  all    3.48    0.00    2.40    4.24    0.00    0.82    0.00    0.00    0.00   89.06
07:24:26 AM    0    3.03    0.00    1.01    0.00    0.00    1.01    0.00    0.00    0.00   94.95
07:24:26 AM    1    2.02    0.00    2.02    0.00    0.00    1.01    0.00    0.00    0.00   94.95
07:24:26 AM    2   21.43    0.00   12.24   64.29    0.00    2.04    0.00    0.00    0.00    0.00
07:24:26 AM    3    2.04    0.00    1.02    0.00    0.00    0.00    0.00    0.00    0.00   96.94
07:24:26 AM    4    3.03    0.00    2.02    0.00    0.00    0.00    0.00    0.00    0.00   94.95
07:24:26 AM    5    3.00    0.00    1.00    0.00    0.00    1.00    0.00    0.00    0.00   95.00
07:24:26 AM    6    0.99    0.00    2.97    3.96    0.00    0.99    0.00    0.00    0.00   91.09
07:24:26 AM    7    2.04    0.00    1.02    0.00    0.00    0.00    0.00    0.00    0.00   96.94
07:24:26 AM    8    3.03    0.00    3.03    0.00    0.00    1.01    0.00    0.00    0.00   92.93
07:24:26 AM    9    2.02    0.00    2.02    0.00    0.00    1.01    0.00    0.00    0.00   94.95
07:24:26 AM   10    2.02    0.00    2.02    0.00    0.00    0.00    0.00    0.00    0.00   95.96
07:24:26 AM   11    2.04    0.00    2.04    0.00    0.00    1.02    0.00    0.00    0.00   94.90
07:24:26 AM   12    3.03    0.00    1.01    0.00    0.00    1.01    0.00    0.00    0.00   94.95
07:24:26 AM   13    2.02    0.00    2.02    0.00    0.00    1.01    0.00    0.00    0.00   94.95
07:24:26 AM   14    3.00    0.00    2.00    0.00    0.00    1.00    0.00    0.00    0.00   94.00
07:24:26 AM   15    1.03    0.00    1.03    0.00    0.00    1.03    0.00    0.00    0.00   96.91

07:24:26 AM  CPU    %usr   %nice    %sys %iowait    %irq   %soft  %steal  %guest  %gnice   %idle
07:24:27 AM  all    3.85    0.00    2.34    3.98    0.00    0.32    0.00    0.00    0.00   89.51
07:24:27 AM    0    2.02    0.00    3.03    0.00    0.00    1.01    0.00    0.00    0.00   93.94
07:24:27 AM    1    2.02    0.00    2.02    0.00    0.00    0.00    0.00    0.00    0.00   95.96
07:24:27 AM    2   24.24    0.00   11.11   63.64    0.00    1.01    0.00    0.00    0.00    0.00
07:24:27 AM    3    2.02    0.00    1.01    0.00    0.00    1.01    0.00    0.00    0.00   95.96
07:24:27 AM    4    2.02    0.00    1.01    0.00    0.00    1.01    0.00    0.00    0.00   95.96
07:24:27 AM    5    3.00    0.00    2.00    0.00    0.00    0.00    0.00    0.00    0.00   95.00
07:24:27 AM    6    3.03    0.00    1.01    0.00    0.00    0.00    0.00    0.00    0.00   95.96
07:24:27 AM    7    2.02    0.00    1.01    0.00    0.00    1.01    0.00    0.00    0.00   95.96
07:24:27 AM    8    3.03    0.00    2.02    0.00    0.00    0.00    0.00    0.00    0.00   94.95
07:24:27 AM    9    2.04    0.00    2.04    0.00    0.00    0.00    0.00    0.00    0.00   95.92
07:24:27 AM   10    3.03    0.00    1.01    0.00    0.00    0.00    0.00    0.00    0.00   95.96
07:24:27 AM   11    3.06    0.00    2.04    0.00    0.00    0.00    0.00    0.00    0.00   94.90
07:24:27 AM   12    3.03    0.00    2.02    0.00    0.00    0.00    0.00    0.00    0.00   94.95
07:24:27 AM   13    2.04    0.00    2.04    0.00    0.00    0.00    0.00    0.00    0.00   95.92
07:24:27 AM   14    2.02    0.00    2.02    0.00    0.00    0.00    0.00    0.00    0.00   95.96
07:24:27 AM   15    3.00    0.00    2.00    0.00    0.00    0.00    0.00    0.00    0.00   95.00

07:24:27 AM  CPU    %usr   %nice    %sys %iowait    %irq   %soft  %steal  %guest  %gnice   %idle
07:24:28 AM  all    3.42    0.00    2.02    4.05    0.00    0.76    0.00    0.00    0.00   89.75
07:24:28 AM    0    2.04    0.00    1.02    0.00    0.00    1.02    0.00    0.00    0.00   95.92
07:24:28 AM    1    2.02    0.00    1.01    0.00    0.00    1.01    0.00    0.00    0.00   95.96
07:24:28 AM    2   21.65    0.00   10.31   65.98    0.00    2.06    0.00    0.00    0.00    0.00
07:24:28 AM    3    3.00    0.00    2.00    0.00    0.00    0.00    0.00    0.00    0.00   95.00
07:24:28 AM    4    2.00    0.00    2.00    0.00    0.00    0.00    0.00    0.00    0.00   96.00
07:24:28 AM    5    2.04    0.00    1.02    0.00    0.00    0.00    0.00    0.00    0.00   96.94
07:24:28 AM    6    2.02    0.00    2.02    0.00    0.00    0.00    0.00    0.00    0.00   95.96
07:24:28 AM    7    2.02    0.00    1.01    0.00    0.00    0.00    0.00    0.00    0.00   96.97
07:24:28 AM    8    3.03    0.00    3.03    0.00    0.00    1.01    0.00    0.00    0.00   92.93
07:24:28 AM    9    2.04    0.00    1.02    0.00    0.00    1.02    0.00    0.00    0.00   95.92
07:24:28 AM   10    2.00    0.00    1.00    0.00    0.00    1.00    0.00    0.00    0.00   96.00
07:24:28 AM   11    2.06    0.00    1.03    0.00    0.00    1.03    0.00    0.00    0.00   95.88
07:24:28 AM   12    2.02    0.00    2.02    0.00    0.00    1.01    0.00    0.00    0.00   94.95
07:24:28 AM   13    2.00    0.00    2.00    0.00    0.00    1.00    0.00    0.00    0.00   95.00
07:24:28 AM   14    2.04    0.00    1.02    0.00    0.00    1.02    0.00    0.00    0.00   95.92
07:24:28 AM   15    3.00    0.00    1.00    0.00    0.00    1.00    0.00    0.00    0.00   95.00

07:24:28 AM  CPU    %usr   %nice    %sys %iowait    %irq   %soft  %steal  %guest  %gnice   %idle
07:24:29 AM  all    2.62    0.00    2.17    4.28    0.00    0.32    0.00    0.00    0.00   90.62
07:24:29 AM    0    1.02    0.00    2.04    0.00    0.00    0.00    0.00    0.00    0.00   96.94
07:24:29 AM    1    2.04    0.00    1.02    0.00    0.00    0.00    0.00    0.00    0.00   96.94
07:24:29 AM    2   19.59    0.00    9.28   69.07    0.00    2.06    0.00    0.00    0.00    0.00
07:24:29 AM    3    1.01    0.00    2.02    0.00    0.00    1.01    0.00    0.00    0.00   95.96
07:24:29 AM    4    1.02    0.00    2.04    0.00    0.00    0.00    0.00    0.00    0.00   96.94
07:24:29 AM    5    1.03    0.00    1.03    0.00    0.00    0.00    0.00    0.00    0.00   97.94
07:24:29 AM    6    1.03    0.00    1.03    0.00    0.00    0.00    0.00    0.00    0.00   97.94
07:24:29 AM    7    1.02    0.00    2.04    0.00    0.00    0.00    0.00    0.00    0.00   96.94
07:24:29 AM    8    2.02    0.00    4.04    0.00    0.00    1.01    0.00    0.00    0.00   92.93
07:24:29 AM    9    2.04    0.00    1.02    0.00    0.00    0.00    0.00    0.00    0.00   96.94
07:24:29 AM   10    2.02    0.00    2.02    0.00    0.00    0.00    0.00    0.00    0.00   95.96
07:24:29 AM   11    2.04    0.00    2.04    0.00    0.00    0.00    0.00    0.00    0.00   95.92
07:24:29 AM   12    2.04    0.00    1.02    0.00    0.00    0.00    0.00    0.00    0.00   96.94
07:24:29 AM   13    1.02    0.00    2.04    0.00    0.00    0.00    0.00    0.00    0.00   96.94
07:24:29 AM   14    2.04    0.00    1.02    0.00    0.00    0.00    0.00    0.00    0.00   96.94
07:24:29 AM   15    1.03    0.00    1.03    0.00    0.00    1.03    0.00    0.00    0.00   96.91

07:24:29 AM  CPU    %usr   %nice    %sys %iowait    %irq   %soft  %steal  %guest  %gnice   %idle
07:24:30 AM  all    3.10    0.00    2.21    4.80    0.00    0.51    0.00    0.00    0.00   89.39
07:24:30 AM    0    2.04    0.00    4.08    7.14    0.00    1.02    0.00    0.00    0.00   85.71
07:24:30 AM    1    2.02    0.00    2.02    0.00    0.00    0.00    0.00    0.00    0.00   95.96
07:24:30 AM    2   17.35    0.00   10.20   70.41    0.00    2.04    0.00    0.00    0.00    0.00
07:24:30 AM    3    2.02    0.00    1.01    0.00    0.00    0.00    0.00    0.00    0.00   96.97
07:24:30 AM    4    2.02    0.00    1.01    0.00    0.00    1.01    0.00    0.00    0.00   95.96
07:24:30 AM    5    1.98    0.00    1.98    0.00    0.00    0.99    0.00    0.00    0.00   95.05
07:24:30 AM    6    2.00    0.00    1.00    0.00    0.00    1.00    0.00    0.00    0.00   96.00
07:24:30 AM    7    2.02    0.00    1.01    0.00    0.00    0.00    0.00    0.00    0.00   96.97
07:24:30 AM    8    2.04    0.00    2.04    0.00    0.00    0.00    0.00    0.00    0.00   95.92
07:24:30 AM    9    2.04    0.00    2.04    0.00    0.00    0.00    0.00    0.00    0.00   95.92
07:24:30 AM   10    2.02    0.00    1.01    0.00    0.00    0.00    0.00    0.00    0.00   96.97
07:24:30 AM   11    3.03    0.00    1.01    0.00    0.00    1.01    0.00    0.00    0.00   94.95
07:24:30 AM   12    3.00    0.00    2.00    0.00    0.00    0.00    0.00    0.00    0.00   95.00
07:24:30 AM   13    2.04    0.00    1.02    0.00    0.00    1.02    0.00    0.00    0.00   95.92
07:24:30 AM   14    1.02    0.00    2.04    0.00    0.00    0.00    0.00    0.00    0.00   96.94
07:24:30 AM   15    3.00    0.00    2.00    0.00    0.00    0.00    0.00    0.00    0.00   95.00

07:24:30 AM  CPU    %usr   %nice    %sys %iowait    %irq   %soft  %steal  %guest  %gnice   %idle
07:24:31 AM  all    3.16    0.00    2.21    4.55    0.00    0.57    0.00    0.00    0.00   89.52
07:24:31 AM    0    3.00    0.00    3.00    5.00    0.00    1.00    0.00    0.00    0.00   88.00
07:24:31 AM    1    1.02    0.00    1.02    0.00    0.00    1.02    0.00    0.00    0.00   96.94
07:24:31 AM    2   21.21    0.00   11.11   66.67    0.00    1.01    0.00    0.00    0.00    0.00
07:24:31 AM    3    1.02    0.00    1.02    0.00    0.00    0.00    0.00    0.00    0.00   97.96
07:24:31 AM    4    1.02    0.00    1.02    0.00    0.00    0.00    0.00    0.00    0.00   97.96
07:24:31 AM    5    2.02    0.00    2.02    0.00    0.00    0.00    0.00    0.00    0.00   95.96
07:24:31 AM    6    1.01    0.00    2.02    0.00    0.00    0.00    0.00    0.00    0.00   96.97
07:24:31 AM    7    1.00    0.00    2.00    0.00    0.00    1.00    0.00    0.00    0.00   96.00
07:24:31 AM    8    2.00    0.00    2.00    0.00    0.00    1.00    0.00    0.00    0.00   95.00
07:24:31 AM    9    2.04    0.00    1.02    0.00    0.00    1.02    0.00    0.00    0.00   95.92
07:24:31 AM   10    3.00    0.00    1.00    0.00    0.00    1.00    0.00    0.00    0.00   95.00
07:24:31 AM   11    2.06    0.00    2.06    0.00    0.00    0.00    0.00    0.00    0.00   95.88
07:24:31 AM   12    2.00    0.00    2.00    1.00    0.00    1.00    0.00    0.00    0.00   94.00
07:24:31 AM   13    3.00    0.00    2.00    0.00    0.00    0.00    0.00    0.00    0.00   95.00
07:24:31 AM   14    3.00    0.00    1.00    0.00    0.00    1.00    0.00    0.00    0.00   95.00
07:24:31 AM   15    2.04    0.00    1.02    0.00    0.00    0.00    0.00    0.00    0.00   96.94

07:24:31 AM  CPU    %usr   %nice    %sys %iowait    %irq   %soft  %steal  %guest  %gnice   %idle
07:24:32 AM  all    3.35    0.00    2.40    4.11    0.00    0.44    0.00    0.00    0.00   89.69
07:24:32 AM    0    2.04    0.00    1.02    0.00    0.00    1.02    0.00    0.00    0.00   95.92
07:24:32 AM    1    2.02    0.00    2.02    0.00    0.00    0.00    0.00    0.00    0.00   95.96
07:24:32 AM    2   21.21    0.00   11.11   65.66    0.00    2.02    0.00    0.00    0.00    0.00
07:24:32 AM    3    2.00    0.00    2.00    0.00    0.00    1.00    0.00    0.00    0.00   95.00
07:24:32 AM    4    2.02    0.00    2.02    0.00    0.00    0.00    0.00    0.00    0.00   95.96
07:24:32 AM    5    2.02    0.00    1.01    0.00    0.00    0.00    0.00    0.00    0.00   96.97
07:24:32 AM    6    3.03    0.00    1.01    0.00    0.00    0.00    0.00    0.00    0.00   95.96
07:24:32 AM    7    1.02    0.00    1.02    0.00    0.00    0.00    0.00    0.00    0.00   97.96
07:24:32 AM    8    3.03    0.00    2.02    0.00    0.00    1.01    0.00    0.00    0.00   93.94
07:24:32 AM    9    3.00    0.00    2.00    0.00    0.00    0.00    0.00    0.00    0.00   95.00
07:24:32 AM   10    3.00    0.00    3.00    0.00    0.00    0.00    0.00    0.00    0.00   94.00
07:24:32 AM   11    2.02    0.00    2.02    0.00    0.00    1.01    0.00    0.00    0.00   94.95
07:24:32 AM   12    2.06    0.00    1.03    0.00    0.00    0.00    0.00    0.00    0.00   96.91
07:24:32 AM   13    2.04    0.00    2.04    0.00    0.00    0.00    0.00    0.00    0.00   95.92
07:24:32 AM   14    2.02    0.00    3.03    0.00    0.00    0.00    0.00    0.00    0.00   94.95
07:24:32 AM   15    1.02    0.00    2.04    0.00    0.00    1.02    0.00    0.00    0.00   95.92

07:24:32 AM  CPU    %usr   %nice    %sys %iowait    %irq   %soft  %steal  %guest  %gnice   %idle
07:24:33 AM  all    3.04    0.00    1.90    4.24    0.00    0.57    0.00    0.00    0.00   90.25
07:24:33 AM    0    2.02    0.00    1.01    0.00    0.00    1.01    0.00    0.00    0.00   95.96
07:24:33 AM    1    3.03    0.00    1.01    0.00    0.00    0.00    0.00    0.00    0.00   95.96
07:24:33 AM    2   20.62    0.00    9.28   69.07    0.00    1.03    0.00    0.00    0.00    0.00
07:24:33 AM    3    1.02    0.00    1.02    0.00    0.00    0.00    0.00    0.00    0.00   97.96
07:24:33 AM    4    1.00    0.00    2.00    0.00    0.00    1.00    0.00    0.00    0.00   96.00
07:24:33 AM    5    1.02    0.00    1.02    0.00    0.00    1.02    0.00    0.00    0.00   96.94
07:24:33 AM    6    1.02    0.00    1.02    0.00    0.00    0.00    0.00    0.00    0.00   97.96
07:24:33 AM    7    2.02    0.00    1.01    0.00    0.00    0.00    0.00    0.00    0.00   96.97
07:24:33 AM    8    2.02    0.00    2.02    0.00    0.00    1.01    0.00    0.00    0.00   94.95
07:24:33 AM    9    2.02    0.00    2.02    0.00    0.00    1.01    0.00    0.00    0.00   94.95
07:24:33 AM   10    2.00    0.00    1.00    0.00    0.00    1.00    0.00    0.00    0.00   96.00
07:24:33 AM   11    3.09    0.00    1.03    0.00    0.00    0.00    0.00    0.00    0.00   95.88
07:24:33 AM   12    2.02    0.00    2.02    0.00    0.00    1.01    0.00    0.00    0.00   94.95
07:24:33 AM   13    2.00    0.00    2.00    0.00    0.00    1.00    0.00    0.00    0.00   95.00
07:24:33 AM   14    1.03    0.00    1.03    0.00    0.00    0.00    0.00    0.00    0.00   97.94
07:24:33 AM   15    3.00    0.00    2.00    0.00    0.00    0.00    0.00    0.00    0.00   95.00

07:24:33 AM  CPU    %usr   %nice    %sys %iowait    %irq   %soft  %steal  %guest  %gnice   %idle
07:24:34 AM  all    2.85    0.00    2.34    4.24    0.00    0.44    0.00    0.00    0.00   90.12
07:24:34 AM    0    2.04    0.00    3.06    0.00    0.00    0.00    0.00    0.00    0.00   94.90
07:24:34 AM    1    2.00    0.00    2.00    0.00    0.00    1.00    0.00    0.00    0.00   95.00
07:24:34 AM    2   17.71    0.00   10.42   69.79    0.00    2.08    0.00    0.00    0.00    0.00
07:24:34 AM    3    2.00    0.00    2.00    0.00    0.00    0.00    0.00    0.00    0.00   96.00
07:24:34 AM    4    2.02    0.00    2.02    0.00    0.00    0.00    0.00    0.00    0.00   95.96
07:24:34 AM    5    1.02    0.00    1.02    0.00    0.00    0.00    0.00    0.00    0.00   97.96
07:24:34 AM    6    2.00    0.00    2.00    0.00    0.00    0.00    0.00    0.00    0.00   96.00
07:24:34 AM    7    2.04    0.00    1.02    0.00    0.00    0.00    0.00    0.00    0.00   96.94
07:24:34 AM    8    3.03    0.00    2.02    0.00    0.00    0.00    0.00    0.00    0.00   94.95
07:24:34 AM    9    2.04    0.00    2.04    0.00    0.00    0.00    0.00    0.00    0.00   95.92
07:24:34 AM   10    1.02    0.00    1.02    0.00    0.00    1.02    0.00    0.00    0.00   96.94
07:24:34 AM   11    2.04    0.00    1.02    0.00    0.00    1.02    0.00    0.00    0.00   95.92
07:24:34 AM   12    2.00    0.00    2.00    0.00    0.00    1.00    0.00    0.00    0.00   95.00
07:24:34 AM   13    2.02    0.00    2.02    0.00    0.00    0.00    0.00    0.00    0.00   95.96
07:24:34 AM   14    2.00    0.00    2.00    0.00    0.00    1.00    0.00    0.00    0.00   95.00
07:24:34 AM   15    1.02    0.00    2.04    0.00    0.00    0.00    0.00    0.00    0.00   96.94

07:24:34 AM  CPU    %usr   %nice    %sys %iowait    %irq   %soft  %steal  %guest  %gnice   %idle
07:24:35 AM  all    3.42    0.00    2.16    4.12    0.00    0.38    0.00    0.00    0.00   89.92
07:24:35 AM    0    3.03    0.00    1.01    0.00    0.00    0.00    0.00    0.00    0.00   95.96
07:24:35 AM    1    1.01    0.00    2.02    0.00    0.00    1.01    0.00    0.00    0.00   95.96
07:24:35 AM    2   22.22    0.00   10.10   65.66    0.00    2.02    0.00    0.00    0.00    0.00
07:24:35 AM    3    1.02    0.00    1.02    0.00    0.00    1.02    0.00    0.00    0.00   96.94
07:24:35 AM    4    2.04    0.00    1.02    0.00    0.00    0.00    0.00    0.00    0.00   96.94
07:24:35 AM    5    2.02    0.00    2.02    0.00    0.00    0.00    0.00    0.00    0.00   95.96
07:24:35 AM    6    2.02    0.00    1.01    0.00    0.00    1.01    0.00    0.00    0.00   95.96
07:24:35 AM    7    2.00    0.00    2.00    0.00    0.00    0.00    0.00    0.00    0.00   96.00
07:24:35 AM    8    2.06    0.00    1.03    0.00    0.00    0.00    0.00    0.00    0.00   96.91
07:24:35 AM    9    3.00    0.00    2.00    0.00    0.00    1.00    0.00    0.00    0.00   94.00
07:24:35 AM   10    2.02    0.00    2.02    0.00    0.00    0.00    0.00    0.00    0.00   95.96
07:24:35 AM   11    3.06    0.00    2.04    0.00    0.00    0.00    0.00    0.00    0.00   94.90
07:24:35 AM   12    2.04    0.00    2.04    0.00    0.00    0.00    0.00    0.00    0.00   95.92
07:24:35 AM   13    2.04    0.00    2.04    0.00    0.00    0.00    0.00    0.00    0.00   95.92
07:24:35 AM   14    3.06    0.00    1.02    0.00    0.00    0.00    0.00    0.00    0.00   95.92
07:24:35 AM   15    2.04    0.00    2.04    0.00    0.00    0.00    0.00    0.00    0.00   95.92

07:24:35 AM  CPU    %usr   %nice    %sys %iowait    %irq   %soft  %steal  %guest  %gnice   %idle
07:24:36 AM  all    3.40    0.00    2.33    4.16    0.00    0.76    0.00    0.00    0.00   89.36
07:24:36 AM    0    3.00    0.00    2.00    0.00    0.00    2.00    0.00    0.00    0.00   93.00
07:24:36 AM    1    2.04    0.00    1.02    0.00    0.00    0.00    0.00    0.00    0.00   96.94
07:24:36 AM    2   20.41    0.00   11.22   66.33    0.00    2.04    0.00    0.00    0.00    0.00
07:24:36 AM    3    1.98    0.00    2.97    0.99    0.00    0.00    0.00    0.00    0.00   94.06
07:24:36 AM    4    1.01    0.00    2.02    0.00    0.00    1.01    0.00    0.00    0.00   95.96
07:24:36 AM    5    2.00    0.00    1.00    0.00    0.00    1.00    0.00    0.00    0.00   96.00
07:24:36 AM    6    2.02    0.00    1.01    0.00    0.00    0.00    0.00    0.00    0.00   96.97
07:24:36 AM    7    3.03    0.00    1.01    0.00    0.00    0.00    0.00    0.00    0.00   95.96
07:24:36 AM    8    3.03    0.00    2.02    0.00    0.00    1.01    0.00    0.00    0.00   93.94
07:24:36 AM    9    2.02    0.00    3.03    0.00    0.00    0.00    0.00    0.00    0.00   94.95
07:24:36 AM   10    2.04    0.00    1.02    0.00    0.00    0.00    0.00    0.00    0.00   96.94
07:24:36 AM   11    3.00    0.00    2.00    0.00    0.00    1.00    0.00    0.00    0.00   94.00
07:24:36 AM   12    3.00    0.00    1.00    0.00    0.00    1.00    0.00    0.00    0.00   95.00
07:24:36 AM   13    2.02    0.00    2.02    0.00    0.00    1.01    0.00    0.00    0.00   94.95
07:24:36 AM   14    2.00    0.00    2.00    0.00    0.00    1.00    0.00    0.00    0.00   95.00
07:24:36 AM   15    2.02    0.00    2.02    0.00    0.00    1.01    0.00    0.00    0.00   94.95

07:24:36 AM  CPU    %usr   %nice    %sys %iowait    %irq   %soft  %steal  %guest  %gnice   %idle
07:24:37 AM  all    3.54    0.00    2.21    4.04    0.00    0.69    0.00    0.00    0.00   89.52
07:24:37 AM    0    2.04    0.00    1.02    0.00    0.00    1.02    0.00    0.00    0.00   95.92
07:24:37 AM    1    2.00    0.00    2.00    0.00    0.00    1.00    0.00    0.00    0.00   95.00
07:24:37 AM    2   23.23    0.00   10.10   64.65    0.00    2.02    0.00    0.00    0.00    0.00
07:24:37 AM    3    2.04    0.00    1.02    0.00    0.00    0.00    0.00    0.00    0.00   96.94
07:24:37 AM    4    2.04    0.00    1.02    0.00    0.00    0.00    0.00    0.00    0.00   96.94
07:24:37 AM    5    3.03    0.00    1.01    0.00    0.00    0.00    0.00    0.00    0.00   95.96
07:24:37 AM    6    2.00    0.00    1.00    0.00    0.00    1.00    0.00    0.00    0.00   96.00
07:24:37 AM    7    2.02    0.00    1.01    0.00    0.00    0.00    0.00    0.00    0.00   96.97
07:24:37 AM    8    2.00    0.00    3.00    0.00    0.00    1.00    0.00    0.00    0.00   94.00
07:24:37 AM    9    2.00    0.00    2.00    0.00    0.00    1.00    0.00    0.00    0.00   95.00
07:24:37 AM   10    2.97    0.00    3.96    0.00    0.00    0.99    0.00    0.00    0.00   92.08
07:24:37 AM   11    2.04    0.00    2.04    0.00    0.00    1.02    0.00    0.00    0.00   94.90
07:24:37 AM   12    2.04    0.00    2.04    0.00    0.00    0.00    0.00    0.00    0.00   95.92
07:24:37 AM   13    2.02    0.00    1.01    0.00    0.00    1.01    0.00    0.00    0.00   95.96
07:24:37 AM   14    3.03    0.00    2.02    0.00    0.00    0.00    0.00    0.00    0.00   94.95
07:24:37 AM   15    2.04    0.00    1.02    0.00    0.00    1.02    0.00    0.00    0.00   95.92

07:24:37 AM  CPU    %usr   %nice    %sys %iowait    %irq   %soft  %steal  %guest  %gnice   %idle
07:24:38 AM  all    3.27    0.00    2.77    4.03    0.00    0.44    0.00    0.00    0.00   89.48
07:24:38 AM    0    2.02    0.00    3.03    0.00    0.00    0.00    0.00    0.00    0.00   94.95
07:24:38 AM    1    1.02    0.00    1.02    0.00    0.00    1.02    0.00    0.00    0.00   96.94
07:24:38 AM    2   19.80    0.00   14.85   62.38    0.00    2.97    0.00    0.00    0.00    0.00
07:24:38 AM    3    2.00    0.00    2.00    1.00    0.00    0.00    0.00    0.00    0.00   95.00
07:24:38 AM    4    2.02    0.00    1.01    0.00    0.00    0.00    0.00    0.00    0.00   96.97
07:24:38 AM    5    1.01    0.00    2.02    0.00    0.00    0.00    0.00    0.00    0.00   96.97
07:24:38 AM    6    2.02    0.00    1.01    0.00    0.00    0.00    0.00    0.00    0.00   96.97
07:24:38 AM    7    2.00    0.00    1.00    0.00    0.00    1.00    0.00    0.00    0.00   96.00
07:24:38 AM    8    3.03    0.00    2.02    0.00    0.00    0.00    0.00    0.00    0.00   94.95
07:24:38 AM    9    3.03    0.00    2.02    0.00    0.00    0.00    0.00    0.00    0.00   94.95
07:24:38 AM   10    2.02    0.00    4.04    0.00    0.00    0.00    0.00    0.00    0.00   93.94
07:24:38 AM   11    3.06    0.00    2.04    0.00    0.00    0.00    0.00    0.00    0.00   94.90
07:24:38 AM   12    2.97    0.00    1.98    0.00    0.00    0.99    0.00    0.00    0.00   94.06
07:24:38 AM   13    2.04    0.00    2.04    0.00    0.00    0.00    0.00    0.00    0.00   95.92
07:24:38 AM   14    2.00    0.00    2.00    0.00    0.00    1.00    0.00    0.00    0.00   95.00
07:24:38 AM   15    2.02    0.00    2.02    0.00    0.00    0.00    0.00    0.00    0.00   95.96

07:24:38 AM  CPU    %usr   %nice    %sys %iowait    %irq   %soft  %steal  %guest  %gnice   %idle
07:24:39 AM  all    2.70    0.00    1.94    7.08    0.00    0.50    0.00    0.00    0.00   87.77
07:24:39 AM    0    2.00    0.00    2.00    0.00    0.00    1.00    0.00    0.00    0.00   95.00
07:24:39 AM    1    2.02    0.00    1.01    1.01    0.00    0.00    0.00    0.00    0.00   95.96
07:24:39 AM    2   14.00    0.00    9.00   75.00    0.00    2.00    0.00    0.00    0.00    0.00
07:24:39 AM    3    2.00    0.00    1.00    3.00    0.00    1.00    0.00    0.00    0.00   93.00
07:24:39 AM    4    1.98    0.00    1.98    7.92    0.00    0.00    0.00    0.00    0.00   88.12
07:24:39 AM    5    1.98    0.00    1.98    4.95    0.00    0.99    0.00    0.00    0.00   90.10
07:24:39 AM    6    2.02    0.00    1.01    0.00    0.00    0.00    0.00    0.00    0.00   96.97
07:24:39 AM    7    1.00    0.00    2.00    6.00    0.00    0.00    0.00    0.00    0.00   91.00
07:24:39 AM    8    1.98    0.00    1.98    0.00    0.00    0.99    0.00    0.00    0.00   95.05
07:24:39 AM    9    1.98    0.00    1.98    4.95    0.00    0.99    0.00    0.00    0.00   90.10
07:24:39 AM   10    2.00    0.00    1.00    0.00    0.00    0.00    0.00    0.00    0.00   97.00
07:24:39 AM   11    2.06    0.00    1.03    3.09    0.00    1.03    0.00    0.00    0.00   92.78
07:24:39 AM   12    2.04    0.00    1.02    3.06    0.00    0.00    0.00    0.00    0.00   93.88
07:24:39 AM   13    2.00    0.00    2.00    2.00    0.00    0.00    0.00    0.00    0.00   94.00
07:24:39 AM   14    2.02    0.00    1.01    2.02    0.00    0.00    0.00    0.00    0.00   94.95
07:24:39 AM   15    2.02    0.00    1.01    0.00    0.00    0.00    0.00    0.00    0.00   96.97

07:24:39 AM  CPU    %usr   %nice    %sys %iowait    %irq   %soft  %steal  %guest  %gnice   %idle
07:24:40 AM  all    3.35    0.00    2.28    3.92    0.00    0.63    0.00    0.00    0.00   89.82
07:24:40 AM    0    2.02    0.00    2.02    0.00    0.00    1.01    0.00    0.00    0.00   94.95
07:24:40 AM    1    1.02    0.00    1.02    0.00    0.00    1.02    0.00    0.00    0.00   96.94
07:24:40 AM    2   24.49    0.00   10.20   63.27    0.00    2.04    0.00    0.00    0.00    0.00
07:24:40 AM    3    2.02    0.00    2.02    0.00    0.00    0.00    0.00    0.00    0.00   95.96
07:24:40 AM    4    2.00    0.00    2.00    0.00    0.00    1.00    0.00    0.00    0.00   95.00
07:24:40 AM    5    2.04    0.00    1.02    0.00    0.00    0.00    0.00    0.00    0.00   96.94
07:24:40 AM    6    2.02    0.00    2.02    0.00    0.00    0.00    0.00    0.00    0.00   95.96
07:24:40 AM    7    2.97    0.00    1.98    0.00    0.00    0.99    0.00    0.00    0.00   94.06
07:24:40 AM    8    1.03    0.00    1.03    0.00    0.00    1.03    0.00    0.00    0.00   96.91
07:24:40 AM    9    2.00    0.00    2.00    0.00    0.00    1.00    0.00    0.00    0.00   95.00
07:24:40 AM   10    2.06    0.00    2.06    0.00    0.00    0.00    0.00    0.00    0.00   95.88
07:24:40 AM   11    1.03    0.00    2.06    0.00    0.00    0.00    0.00    0.00    0.00   96.91
07:24:40 AM   12    2.00    0.00    2.00    0.00    0.00    1.00    0.00    0.00    0.00   95.00
07:24:40 AM   13    2.00    0.00    2.00    0.00    0.00    1.00    0.00    0.00    0.00   95.00
07:24:40 AM   14    3.00    0.00    2.00    0.00    0.00    0.00    0.00    0.00    0.00   95.00
07:24:40 AM   15    2.04    0.00    1.02    0.00    0.00    0.00    0.00    0.00    0.00   96.94

07:24:40 AM  CPU    %usr   %nice    %sys %iowait    %irq   %soft  %steal  %guest  %gnice   %idle
07:24:41 AM  all    2.81    0.00    1.73    4.47    0.00    0.38    0.00    0.00    0.00   90.61
07:24:41 AM    0    2.06    0.00    1.03    0.00    0.00    1.03    0.00    0.00    0.00   95.88
07:24:41 AM    1    2.04    0.00    1.02    0.00    0.00    0.00    0.00    0.00    0.00   96.94
07:24:41 AM    2   17.71    0.00   12.50   68.75    0.00    1.04    0.00    0.00    0.00    0.00
07:24:41 AM    3    2.04    0.00    1.02    0.00    0.00    0.00    0.00    0.00    0.00   96.94
07:24:41 AM    4    1.03    0.00    1.03    0.00    0.00    0.00    0.00    0.00    0.00   97.94
07:24:41 AM    5    1.01    0.00    1.01    4.04    0.00    1.01    0.00    0.00    0.00   92.93
07:24:41 AM    6    1.02    0.00    1.02    0.00    0.00    0.00    0.00    0.00    0.00   97.96
07:24:41 AM    7    1.03    0.00    1.03    0.00    0.00    0.00    0.00    0.00    0.00   97.94
07:24:41 AM    8    2.06    0.00    1.03    0.00    0.00    0.00    0.00    0.00    0.00   96.91
07:24:41 AM    9    2.06    0.00    1.03    0.00    0.00    0.00    0.00    0.00    0.00   96.91
07:24:41 AM   10    2.00    0.00    1.00    0.00    0.00    1.00    0.00    0.00    0.00   96.00
07:24:41 AM   11    3.03    0.00    1.01    0.00    0.00    1.01    0.00    0.00    0.00   94.95
07:24:41 AM   12    2.04    0.00    1.02    0.00    0.00    0.00    0.00    0.00    0.00   96.94
07:24:41 AM   13    2.06    0.00    1.03    0.00    0.00    0.00    0.00    0.00    0.00   96.91
07:24:41 AM   14    2.04    0.00    1.02    0.00    0.00    0.00    0.00    0.00    0.00   96.94
07:24:41 AM   15    2.02    0.00    1.01    0.00    0.00    1.01    0.00    0.00    0.00   95.96

07:24:41 AM  CPU    %usr   %nice    %sys %iowait    %irq   %soft  %steal  %guest  %gnice   %idle
07:24:42 AM  all    2.67    0.00    2.29    4.20    0.00    0.51    0.00    0.00    0.00   90.32
07:24:42 AM    0    3.03    0.00    1.01    0.00    0.00    1.01    0.00    0.00    0.00   94.95
07:24:42 AM    1    1.01    0.00    2.02    0.00    0.00    1.01    0.00    0.00    0.00   95.96
07:24:42 AM    2   18.18    0.00   12.12   66.67    0.00    3.03    0.00    0.00    0.00    0.00
07:24:42 AM    3    1.02    0.00    1.02    0.00    0.00    0.00    0.00    0.00    0.00   97.96
07:24:42 AM    4    1.01    0.00    2.02    0.00    0.00    1.01    0.00    0.00    0.00   95.96
07:24:42 AM    5    2.06    0.00    1.03    0.00    0.00    0.00    0.00    0.00    0.00   96.91
07:24:42 AM    6    2.02    0.00    2.02    0.00    0.00    0.00    0.00    0.00    0.00   95.96
07:24:42 AM    7    1.01    0.00    2.02    0.00    0.00    0.00    0.00    0.00    0.00   96.97
07:24:42 AM    8    2.00    0.00    4.00    0.00    0.00    1.00    0.00    0.00    0.00   93.00
07:24:42 AM    9    2.04    0.00    1.02    0.00    0.00    0.00    0.00    0.00    0.00   96.94
07:24:42 AM   10    1.03    0.00    1.03    0.00    0.00    0.00    0.00    0.00    0.00   97.94
07:24:42 AM   11    1.04    0.00    1.04    0.00    0.00    0.00    0.00    0.00    0.00   97.92
07:24:42 AM   12    1.04    0.00    1.04    0.00    0.00    0.00    0.00    0.00    0.00   97.92
07:24:42 AM   13    2.02    0.00    2.02    0.00    0.00    0.00    0.00    0.00    0.00   95.96
07:24:42 AM   14    2.04    0.00    1.02    0.00    0.00    1.02    0.00    0.00    0.00   95.92
07:24:42 AM   15    2.04    0.00    2.04    0.00    0.00    0.00    0.00    0.00    0.00   95.92

07:24:42 AM  CPU    %usr   %nice    %sys %iowait    %irq   %soft  %steal  %guest  %gnice   %idle
07:24:43 AM  all    3.35    0.00    2.34    4.17    0.00    0.57    0.00    0.00    0.00   89.58
07:24:43 AM    0    2.04    0.00    2.04    0.00    0.00    0.00    0.00    0.00    0.00   95.92
07:24:43 AM    1    2.02    0.00    2.02    0.00    0.00    0.00    0.00    0.00    0.00   95.96
07:24:43 AM    2   19.39    0.00   11.22   67.35    0.00    2.04    0.00    0.00    0.00    0.00
07:24:43 AM    3    2.00    0.00    2.00    0.00    0.00    1.00    0.00    0.00    0.00   95.00
07:24:43 AM    4    2.02    0.00    1.01    0.00    0.00    0.00    0.00    0.00    0.00   96.97
07:24:43 AM    5    2.02    0.00    2.02    0.00    0.00    0.00    0.00    0.00    0.00   95.96
07:24:43 AM    6    2.02    0.00    1.01    0.00    0.00    1.01    0.00    0.00    0.00   95.96
07:24:43 AM    7    2.02    0.00    1.01    0.00    0.00    1.01    0.00    0.00    0.00   95.96
07:24:43 AM    8    2.04    0.00    3.06    0.00    0.00    1.02    0.00    0.00    0.00   93.88
07:24:43 AM    9    3.00    0.00    2.00    0.00    0.00    1.00    0.00    0.00    0.00   94.00
07:24:43 AM   10    2.02    0.00    2.02    0.00    0.00    0.00    0.00    0.00    0.00   95.96
07:24:43 AM   11    3.06    0.00    2.04    0.00    0.00    0.00    0.00    0.00    0.00   94.90
07:24:43 AM   12    3.03    0.00    0.00    0.00    0.00    1.01    0.00    0.00    0.00   95.96
07:24:43 AM   13    2.02    0.00    2.02    0.00    0.00    1.01    0.00    0.00    0.00   94.95
07:24:43 AM   14    3.00    0.00    2.00    0.00    0.00    0.00    0.00    0.00    0.00   95.00
07:24:43 AM   15    2.02    0.00    2.02    0.00    0.00    0.00    0.00    0.00    0.00   95.96

07:24:43 AM  CPU    %usr   %nice    %sys %iowait    %irq   %soft  %steal  %guest  %gnice   %idle
07:24:44 AM  all    2.93    0.00    1.53    4.27    0.00    0.38    0.00    0.00    0.00   90.89
07:24:44 AM    0    3.06    0.00    0.00    0.00    0.00    1.02    0.00    0.00    0.00   95.92
07:24:44 AM    1    1.02    0.00    1.02    0.00    0.00    1.02    0.00    0.00    0.00   96.94
07:24:44 AM    2   19.39    0.00    9.18   68.37    0.00    3.06    0.00    0.00    0.00    0.00
07:24:44 AM    3    1.03    0.00    1.03    0.00    0.00    0.00    0.00    0.00    0.00   97.94
07:24:44 AM    4    2.04    0.00    1.02    0.00    0.00    0.00    0.00    0.00    0.00   96.94
07:24:44 AM    5    2.02    0.00    1.01    0.00    0.00    0.00    0.00    0.00    0.00   96.97
07:24:44 AM    6    1.02    0.00    1.02    0.00    0.00    0.00    0.00    0.00    0.00   97.96
07:24:44 AM    7    2.02    0.00    1.01    0.00    0.00    0.00    0.00    0.00    0.00   96.97
07:24:44 AM    8    2.04    0.00    1.02    0.00    0.00    0.00    0.00    0.00    0.00   96.94
07:24:44 AM    9    1.03    0.00    1.03    0.00    0.00    0.00    0.00    0.00    0.00   97.94
07:24:44 AM   10    2.02    0.00    1.01    0.00    0.00    0.00    0.00    0.00    0.00   96.97
07:24:44 AM   11    3.03    0.00    1.01    0.00    0.00    1.01    0.00    0.00    0.00   94.95
07:24:44 AM   12    2.02    0.00    2.02    0.00    0.00    0.00    0.00    0.00    0.00   95.96
07:24:44 AM   13    2.04    0.00    1.02    0.00    0.00    0.00    0.00    0.00    0.00   96.94
07:24:44 AM   14    1.03    0.00    1.03    0.00    0.00    0.00    0.00    0.00    0.00   97.94
07:24:44 AM   15    2.06    0.00    1.03    0.00    0.00    0.00    0.00    0.00    0.00   96.91

07:24:44 AM  CPU    %usr   %nice    %sys %iowait    %irq   %soft  %steal  %guest  %gnice   %idle
07:24:45 AM  all    2.97    0.00    2.02    4.36    0.00    0.63    0.00    0.00    0.00   90.01
07:24:45 AM    0    1.98    0.00    1.98    0.00    0.00    1.98    0.00    0.00    0.00   94.06
07:24:45 AM    1    2.02    0.00    2.02    0.00    0.00    0.00    0.00    0.00    0.00   95.96
07:24:45 AM    2   18.18    0.00   10.10   69.70    0.00    2.02    0.00    0.00    0.00    0.00
07:24:45 AM    3    2.02    0.00    1.01    0.00    0.00    0.00    0.00    0.00    0.00   96.97
07:24:45 AM    4    2.02    0.00    0.00    0.00    0.00    1.01    0.00    0.00    0.00   96.97
07:24:45 AM    5    1.02    0.00    2.04    0.00    0.00    0.00    0.00    0.00    0.00   96.94
07:24:45 AM    6    2.02    0.00    2.02    0.00    0.00    0.00    0.00    0.00    0.00   95.96
07:24:45 AM    7    2.02    0.00    2.02    0.00    0.00    0.00    0.00    0.00    0.00   95.96
07:24:45 AM    8    3.03    0.00    3.03    0.00    0.00    1.01    0.00    0.00    0.00   92.93
07:24:45 AM    9    2.04    0.00    1.02    0.00    0.00    1.02    0.00    0.00    0.00   95.92
07:24:45 AM   10    2.02    0.00    0.00    0.00    0.00    1.01    0.00    0.00    0.00   96.97
07:24:45 AM   11    1.02    0.00    2.04    0.00    0.00    0.00    0.00    0.00    0.00   96.94
07:24:45 AM   12    2.02    0.00    2.02    0.00    0.00    0.00    0.00    0.00    0.00   95.96
07:24:45 AM   13    2.02    0.00    1.01    0.00    0.00    1.01    0.00    0.00    0.00   95.96
07:24:45 AM   14    2.04    0.00    1.02    0.00    0.00    0.00    0.00    0.00    0.00   96.94
07:24:45 AM   15    2.02    0.00    1.01    0.00    0.00    1.01    0.00    0.00    0.00   95.96

07:24:45 AM  CPU    %usr   %nice    %sys %iowait    %irq   %soft  %steal  %guest  %gnice   %idle
07:24:46 AM  all    2.95    0.00    2.26    5.15    0.00    0.50    0.00    0.00    0.00   89.13
07:24:46 AM    0    3.00    0.00    4.00   11.00    0.00    1.00    0.00    0.00    0.00   81.00
07:24:46 AM    1    2.00    0.00    1.00    0.00    0.00    1.00    0.00    0.00    0.00   96.00
07:24:46 AM    2   15.15    0.00   13.13   70.71    0.00    1.01    0.00    0.00    0.00    0.00
07:24:46 AM    3    2.00    0.00    1.00    0.00    0.00    1.00    0.00    0.00    0.00   96.00
07:24:46 AM    4    2.00    0.00    2.00    0.00    0.00    0.00    0.00    0.00    0.00   96.00
07:24:46 AM    5    1.98    0.00    0.99    0.99    0.00    0.99    0.00    0.00    0.00   95.05
07:24:46 AM    6    2.00    0.00    1.00    0.00    0.00    1.00    0.00    0.00    0.00   96.00
07:24:46 AM    7    1.98    0.00    1.98    0.00    0.00    0.00    0.00    0.00    0.00   96.04
07:24:46 AM    8    3.03    0.00    1.01    0.00    0.00    0.00    0.00    0.00    0.00   95.96
07:24:46 AM    9    2.04    0.00    2.04    0.00    0.00    0.00    0.00    0.00    0.00   95.92
07:24:46 AM   10    3.00    0.00    3.00    0.00    0.00    0.00    0.00    0.00    0.00   94.00
07:24:46 AM   11    2.04    0.00    1.02    0.00    0.00    1.02    0.00    0.00    0.00   95.92
07:24:46 AM   12    1.03    0.00    1.03    0.00    0.00    0.00    0.00    0.00    0.00   97.94
07:24:46 AM   13    2.02    0.00    1.01    0.00    0.00    0.00    0.00    0.00    0.00   96.97
07:24:46 AM   14    2.02    0.00    1.01    0.00    0.00    0.00    0.00    0.00    0.00   96.97
07:24:46 AM   15    2.00    0.00    1.00    0.00    0.00    1.00    0.00    0.00    0.00   96.00

07:24:46 AM  CPU    %usr   %nice    %sys %iowait    %irq   %soft  %steal  %guest  %gnice   %idle
07:24:47 AM  all    3.18    0.00    1.97    4.20    0.00    0.51    0.00    0.00    0.00   90.15
07:24:47 AM    0    2.06    0.00    1.03    0.00    0.00    0.00    0.00    0.00    0.00   96.91
07:24:47 AM    1    2.02    0.00    2.02    0.00    0.00    1.01    0.00    0.00    0.00   94.95
07:24:47 AM    2   19.59    0.00   10.31   68.04    0.00    2.06    0.00    0.00    0.00    0.00
07:24:47 AM    3    2.04    0.00    1.02    0.00    0.00    0.00    0.00    0.00    0.00   96.94
07:24:47 AM    4    2.02    0.00    2.02    0.00    0.00    0.00    0.00    0.00    0.00   95.96
07:24:47 AM    5    2.04    0.00    1.02    0.00    0.00    0.00    0.00    0.00    0.00   96.94
07:24:47 AM    6    2.02    0.00    1.01    0.00    0.00    0.00    0.00    0.00    0.00   96.97
07:24:47 AM    7    2.04    0.00    1.02    0.00    0.00    0.00    0.00    0.00    0.00   96.94
07:24:47 AM    8    3.00    0.00    2.00    0.00    0.00    1.00    0.00    0.00    0.00   94.00
07:24:47 AM    9    2.02    0.00    1.01    0.00    0.00    1.01    0.00    0.00    0.00   95.96
07:24:47 AM   10    2.02    0.00    1.01    0.00    0.00    1.01    0.00    0.00    0.00   95.96
07:24:47 AM   11    2.08    0.00    1.04    0.00    0.00    0.00    0.00    0.00    0.00   96.88
07:24:47 AM   12    2.00    0.00    2.00    0.00    0.00    1.00    0.00    0.00    0.00   95.00
07:24:47 AM   13    2.02    0.00    2.02    0.00    0.00    1.01    0.00    0.00    0.00   94.95
07:24:47 AM   14    2.06    0.00    1.03    0.00    0.00    0.00    0.00    0.00    0.00   96.91
07:24:47 AM   15    2.04    0.00    2.04    0.00    0.00    0.00    0.00    0.00    0.00   95.92

07:24:47 AM  CPU    %usr   %nice    %sys %iowait    %irq   %soft  %steal  %guest  %gnice   %idle
07:24:48 AM  all    2.98    0.00    2.60    4.12    0.00    0.32    0.00    0.00    0.00   89.97
07:24:48 AM    0    2.02    0.00    2.02    0.00    0.00    1.01    0.00    0.00    0.00   94.95
07:24:48 AM    1    2.04    0.00    1.02    0.00    0.00    0.00    0.00    0.00    0.00   96.94
07:24:48 AM    2   20.20    0.00   12.12   65.66    0.00    2.02    0.00    0.00    0.00    0.00
07:24:48 AM    3    1.02    0.00    2.04    0.00    0.00    0.00    0.00    0.00    0.00   96.94
07:24:48 AM    4    2.04    0.00    1.02    0.00    0.00    0.00    0.00    0.00    0.00   96.94
07:24:48 AM    5    2.02    0.00    2.02    0.00    0.00    0.00    0.00    0.00    0.00   95.96
07:24:48 AM    6    1.03    0.00    1.03    0.00    0.00    0.00    0.00    0.00    0.00   97.94
07:24:48 AM    7    2.00    0.00    2.00    0.00    0.00    0.00    0.00    0.00    0.00   96.00
07:24:48 AM    8    1.04    0.00    3.12    0.00    0.00    0.00    0.00    0.00    0.00   95.83
07:24:48 AM    9    2.04    0.00    2.04    0.00    0.00    0.00    0.00    0.00    0.00   95.92
07:24:48 AM   10    2.02    0.00    4.04    0.00    0.00    0.00    0.00    0.00    0.00   93.94
07:24:48 AM   11    2.04    0.00    1.02    0.00    0.00    1.02    0.00    0.00    0.00   95.92
07:24:48 AM   12    2.02    0.00    2.02    0.00    0.00    0.00    0.00    0.00    0.00   95.96
07:24:48 AM   13    2.02    0.00    2.02    0.00    0.00    0.00    0.00    0.00    0.00   95.96
07:24:48 AM   14    2.00    0.00    2.00    0.00    0.00    1.00    0.00    0.00    0.00   95.00
07:24:48 AM   15    2.02    0.00    2.02    0.00    0.00    0.00    0.00    0.00    0.00   95.96

07:24:48 AM  CPU    %usr   %nice    %sys %iowait    %irq   %soft  %steal  %guest  %gnice   %idle
07:24:49 AM  all    3.15    0.00    2.52    4.10    0.00    0.76    0.00    0.00    0.00   89.47
07:24:49 AM    0    2.00    0.00    3.00    0.00    0.00    1.00    0.00    0.00    0.00   94.00
07:24:49 AM    1    2.00    0.00    3.00    0.00    0.00    0.00    0.00    0.00    0.00   95.00
07:24:49 AM    2   19.19    0.00   12.12   65.66    0.00    3.03    0.00    0.00    0.00    0.00
07:24:49 AM    3    2.02    0.00    1.01    0.00    0.00    0.00    0.00    0.00    0.00   96.97
07:24:49 AM    4    1.00    0.00    2.00    0.00    0.00    1.00    0.00    0.00    0.00   96.00
07:24:49 AM    5    2.04    0.00    0.00    0.00    0.00    1.02    0.00    0.00    0.00   96.94
07:24:49 AM    6    2.94    0.00    1.96    0.00    0.00    0.98    0.00    0.00    0.00   94.12
07:24:49 AM    7    1.02    0.00    1.02    0.00    0.00    1.02    0.00    0.00    0.00   96.94
07:24:49 AM    8    3.00    0.00    2.00    0.00    0.00    1.00    0.00    0.00    0.00   94.00
07:24:49 AM    9    2.00    0.00    3.00    0.00    0.00    0.00    0.00    0.00    0.00   95.00
07:24:49 AM   10    2.02    0.00    3.03    0.00    0.00    0.00    0.00    0.00    0.00   94.95
07:24:49 AM   11    3.06    0.00    2.04    0.00    0.00    0.00    0.00    0.00    0.00   94.90
07:24:49 AM   12    2.02    0.00    2.02    0.00    0.00    1.01    0.00    0.00    0.00   94.95
07:24:49 AM   13    2.04    0.00    1.02    0.00    0.00    1.02    0.00    0.00    0.00   95.92
07:24:49 AM   14    3.03    0.00    2.02    0.00    0.00    0.00    0.00    0.00    0.00   94.95
07:24:49 AM   15    1.03    0.00    1.03    0.00    0.00    1.03    0.00    0.00    0.00   96.91

07:24:49 AM  CPU    %usr   %nice    %sys %iowait    %irq   %soft  %steal  %guest  %gnice   %idle
07:24:50 AM  all    3.46    0.00    2.27    4.16    0.00    0.50    0.00    0.00    0.00   89.61
07:24:50 AM    0    3.03    0.00    1.01    0.00    0.00    1.01    0.00    0.00    0.00   94.95
07:24:50 AM    1    2.00    0.00    1.00    0.00    0.00    1.00    0.00    0.00    0.00   96.00
07:24:50 AM    2   21.21    0.00   10.10   66.67    0.00    2.02    0.00    0.00    0.00    0.00
07:24:50 AM    3    2.02    0.00    2.02    0.00    0.00    0.00    0.00    0.00    0.00   95.96
07:24:50 AM    4    1.03    0.00    1.03    0.00    0.00    0.00    0.00    0.00    0.00   97.94
07:24:50 AM    5    2.00    0.00    2.00    0.00    0.00    0.00    0.00    0.00    0.00   96.00
07:24:50 AM    6    2.04    0.00    1.02    0.00    0.00    0.00    0.00    0.00    0.00   96.94
07:24:50 AM    7    2.00    0.00    2.00    0.00    0.00    0.00    0.00    0.00    0.00   96.00
07:24:50 AM    8    3.96    0.00    1.98    0.00    0.00    0.99    0.00    0.00    0.00   93.07
07:24:50 AM    9    2.04    0.00    1.02    0.00    0.00    1.02    0.00    0.00    0.00   95.92
07:24:50 AM   10    3.00    0.00    2.00    0.00    0.00    0.00    0.00    0.00    0.00   95.00
07:24:50 AM   11    3.00    0.00    2.00    0.00    0.00    1.00    0.00    0.00    0.00   94.00
07:24:50 AM   12    2.02    0.00    2.02    0.00    0.00    0.00    0.00    0.00    0.00   95.96
07:24:50 AM   13    2.04    0.00    2.04    0.00    0.00    0.00    0.00    0.00    0.00   95.92
07:24:50 AM   14    2.00    0.00    2.00    0.00    0.00    1.00    0.00    0.00    0.00   95.00
07:24:50 AM   15    2.00    0.00    3.00    0.00    0.00    0.00    0.00    0.00    0.00   95.00

07:24:50 AM  CPU    %usr   %nice    %sys %iowait    %irq   %soft  %steal  %guest  %gnice   %idle
07:24:51 AM  all    2.73    0.00    2.16    4.20    0.00    0.57    0.00    0.00    0.00   90.34
07:24:51 AM    0    2.06    0.00    2.06    0.00    0.00    0.00    0.00    0.00    0.00   95.88
07:24:51 AM    1    2.02    0.00    2.02    0.00    0.00    0.00    0.00    0.00    0.00   95.96
07:24:51 AM    2   18.37    0.00   12.24   67.35    0.00    2.04    0.00    0.00    0.00    0.00
07:24:51 AM    3    1.02    0.00    0.00    0.00    0.00    1.02    0.00    0.00    0.00   97.96
07:24:51 AM    4    2.02    0.00    1.01    0.00    0.00    1.01    0.00    0.00    0.00   95.96
07:24:51 AM    5    1.03    0.00    1.03    0.00    0.00    0.00    0.00    0.00    0.00   97.94
07:24:51 AM    6    2.02    0.00    2.02    0.00    0.00    0.00    0.00    0.00    0.00   95.96
07:24:51 AM    7    1.01    0.00    1.01    0.00    0.00    1.01    0.00    0.00    0.00   96.97
07:24:51 AM    8    2.06    0.00    1.03    0.00    0.00    0.00    0.00    0.00    0.00   96.91
07:24:51 AM    9    2.00    0.00    2.00    0.00    0.00    1.00    0.00    0.00    0.00   95.00
07:24:51 AM   10    2.02    0.00    2.02    0.00    0.00    1.01    0.00    0.00    0.00   94.95
07:24:51 AM   11    2.06    0.00    1.03    0.00    0.00    0.00    0.00    0.00    0.00   96.91
07:24:51 AM   12    2.00    0.00    2.00    0.00    0.00    1.00    0.00    0.00    0.00   95.00
07:24:51 AM   13    2.02    0.00    2.02    0.00    0.00    0.00    0.00    0.00    0.00   95.96
07:24:51 AM   14    1.02    0.00    2.04    0.00    0.00    1.02    0.00    0.00    0.00   95.92
07:24:51 AM   15    1.03    0.00    1.03    0.00    0.00    0.00    0.00    0.00    0.00   97.94

07:24:51 AM  CPU    %usr   %nice    %sys %iowait    %irq   %soft  %steal  %guest  %gnice   %idle
07:24:52 AM  all    3.66    0.00    2.65    3.40    0.00    0.69    0.00    0.00    0.00   89.60
07:24:52 AM    0    1.98    0.00    2.97    0.99    0.00    1.98    0.00    0.00    0.00   92.08
07:24:52 AM    1    2.02    0.00    1.01    0.00    0.00    1.01    0.00    0.00    0.00   95.96
07:24:52 AM    2   26.26    0.00   18.18   53.54    0.00    2.02    0.00    0.00    0.00    0.00
07:24:52 AM    3    2.04    0.00    1.02    0.00    0.00    0.00    0.00    0.00    0.00   96.94
07:24:52 AM    4    1.02    0.00    2.04    0.00    0.00    0.00    0.00    0.00    0.00   96.94
07:24:52 AM    5    2.02    0.00    1.01    0.00    0.00    1.01    0.00    0.00    0.00   95.96
07:24:52 AM    6    2.00    0.00    1.00    0.00    0.00    1.00    0.00    0.00    0.00   96.00
07:24:52 AM    7    2.02    0.00    2.02    0.00    0.00    0.00    0.00    0.00    0.00   95.96
07:24:52 AM    8    3.00    0.00    2.00    0.00    0.00    1.00    0.00    0.00    0.00   94.00
07:24:52 AM    9    2.04    0.00    2.04    0.00    0.00    0.00    0.00    0.00    0.00   95.92
07:24:52 AM   10    2.02    0.00    1.01    0.00    0.00    0.00    0.00    0.00    0.00   96.97
07:24:52 AM   11    2.02    0.00    2.02    0.00    0.00    1.01    0.00    0.00    0.00   94.95
07:24:52 AM   12    2.04    0.00    2.04    0.00    0.00    0.00    0.00    0.00    0.00   95.92
07:24:52 AM   13    3.00    0.00    1.00    0.00    0.00    1.00    0.00    0.00    0.00   95.00
07:24:52 AM   14    3.00    0.00    2.00    0.00    0.00    0.00    0.00    0.00    0.00   95.00
07:24:52 AM   15    2.02    0.00    1.01    0.00    0.00    1.01    0.00    0.00    0.00   95.96

Average:     CPU    %usr   %nice    %sys %iowait    %irq   %soft  %steal  %guest  %gnice   %idle
Average:     all    3.28    0.00    2.26    4.29    0.00    0.55    0.00    0.00    0.00   89.62
Average:       0    2.30    0.00    1.97    0.81    0.00    0.89    0.00    0.00    0.00   94.03
Average:       1    1.89    0.00    1.59    0.08    0.00    0.53    0.00    0.00    0.00   95.91
Average:       2   20.39    0.00   11.24   66.12    0.00    2.03    0.00    0.00    0.00    0.23
Average:       3    1.87    0.00    1.47    0.25    0.00    0.35    0.00    0.00    0.00   96.06
Average:       4    1.87    0.00    1.57    0.33    0.00    0.33    0.00    0.00    0.00   95.91
Average:       5    1.94    0.00    1.44    0.35    0.00    0.35    0.00    0.00    0.00   95.91
Average:       6    1.94    0.00    1.39    0.13    0.00    0.33    0.00    0.00    0.00   96.22
Average:       7    1.82    0.00    1.44    0.30    0.00    0.28    0.00    0.00    0.00   96.16
Average:       8    2.68    0.00    2.25    0.00    0.00    0.58    0.00    0.00    0.00   94.49
Average:       9    2.18    0.00    1.70    0.13    0.00    0.46    0.00    0.00    0.00   95.54
Average:      10    2.34    0.00    1.92    0.00    0.00    0.35    0.00    0.00    0.00   95.39
Average:      11    2.47    0.00    1.63    0.13    0.00    0.54    0.00    0.00    0.00   95.23
Average:      12    2.28    0.00    1.67    0.23    0.00    0.43    0.00    0.00    0.00   95.40
Average:      13    2.15    0.00    1.69    0.05    0.00    0.48    0.00    0.00    0.00   95.63
Average:      14    2.25    0.00    1.67    0.10    0.00    0.38    0.00    0.00    0.00   95.60
Average:      15    2.15    0.00    1.64    0.00    0.00    0.46    0.00    0.00    0.00   95.75
